<?xml version="1.0" encoding="UTF-8" standalone="no"?>
<!DOCTYPE svg PUBLIC "-//W3C//DTD SVG 20010904//EN"
              "http://www.w3.org/TR/2001/REC-SVG-20010904/DTD/svg10.dtd">

<svg xmlns="http://www.w3.org/2000/svg"
     width="6.4in" height="4.26667in"
     viewBox="0 0 1920 1280">
  <path id="eye-right"
        fill="none" stroke="black" stroke-width="1"
        d="M 1006.66,371.48
           C 1006.66,371.48 1014.28,369.01 1014.28,369.01
             1014.28,369.01 1018.76,367.22 1018.76,367.22
             1018.76,367.22 1021.45,365.20 1021.45,365.20
             1021.45,365.20 1022.35,362.52 1022.35,362.52
             1022.35,362.52 1022.12,359.60 1022.12,359.60
             1022.12,359.60 1020.33,357.81 1020.33,357.81
             1020.33,357.81 1017.19,358.03 1017.19,358.03
             1017.19,358.03 1014.06,359.60 1014.06,359.60
             1014.06,359.60 1011.82,361.84 1011.82,361.84
             1011.82,361.84 1009.13,363.41 1009.13,363.41
             1009.13,363.41 1006.66,365.65 1006.66,365.65
             1006.66,365.65 1004.20,368.12 1004.20,368.12
             1004.20,368.12 1002.41,371.03 1002.41,371.03
             1002.41,371.03 1003.08,372.60 1003.08,372.60
             1003.08,372.60 1004.42,372.60 1004.42,372.60" />
</svg>
