<?xml version="1.0" encoding="UTF-8" standalone="no"?>
<!DOCTYPE svg PUBLIC "-//W3C//DTD SVG 20010904//EN"
              "http://www.w3.org/TR/2001/REC-SVG-20010904/DTD/svg10.dtd">

<svg xmlns="http://www.w3.org/2000/svg"
     width="6.4in" height="4.26667in"
     viewBox="0 0 1920 1280">
  <path id="Unnamed #1"
        fill="none" stroke="black" stroke-width="1"
        d="M 1098.00,135.00
           C 1098.00,135.00 981.00,169.50 981.00,169.50
             981.00,169.50 922.50,243.00 922.50,243.00
             922.50,243.00 897.00,309.00 897.00,309.00
             897.00,309.00 912.00,385.50 912.00,385.50
             912.00,385.50 939.00,454.50 939.00,454.50
             939.00,454.50 936.00,496.50 936.00,496.50
             936.00,496.50 829.50,639.00 829.50,639.00
             829.50,639.00 816.00,715.50 816.00,715.50
             816.00,715.50 844.50,790.50 844.50,790.50
             844.50,790.50 865.50,828.00 865.50,828.00
             865.50,828.00 819.00,870.00 819.00,870.00
             819.00,870.00 768.00,886.50 768.00,886.50
             768.00,886.50 766.50,915.00 766.50,915.00
             766.50,915.00 735.00,952.50 735.00,952.50
             735.00,952.50 727.50,1023.00 727.50,1023.00
             727.50,1023.00 685.50,1074.00 685.50,1074.00
             685.50,1074.00 679.50,1135.50 679.50,1135.50
             679.50,1135.50 678.00,1167.00 678.00,1167.00
             678.00,1167.00 738.00,1173.00 738.00,1173.00
             738.00,1173.00 837.00,1135.50 837.00,1135.50
             837.00,1135.50 852.00,1180.50 852.00,1180.50
             852.00,1180.50 955.50,1210.50 955.50,1210.50
             955.50,1210.50 1017.00,1180.50 1017.00,1180.50
             1017.00,1180.50 1123.50,1146.00 1123.50,1146.00
             1123.50,1146.00 1282.50,1158.00 1282.50,1158.00
             1282.50,1158.00 1281.00,1039.50 1281.00,1039.50
             1281.00,1039.50 1350.00,943.50 1350.00,943.50
             1350.00,943.50 1321.50,342.00 1321.50,342.00
             1321.50,342.00 1291.50,261.00 1291.50,261.00
             1291.50,261.00 1189.50,160.50 1189.50,160.50
             1189.50,160.50 1098.00,135.00 1098.00,135.00" />
</svg>
