<?xml version="1.0" encoding="UTF-8" standalone="no"?>
<!DOCTYPE svg PUBLIC "-//W3C//DTD SVG 20010904//EN"
              "http://www.w3.org/TR/2001/REC-SVG-20010904/DTD/svg10.dtd">

<svg xmlns="http://www.w3.org/2000/svg"
     width="6.4in" height="4.26667in"
     viewBox="0 0 1920 1280">
  <path id="eye-left"
        fill="none" stroke="black" stroke-width="1"
        d="M 944.15,399.26
           C 944.15,399.26 941.24,396.57 941.24,396.57
             941.24,396.57 938.55,395.23 938.55,395.23
             938.55,395.23 934.97,394.55 934.97,394.55
             934.97,394.55 931.83,395.00 931.83,395.00
             931.83,395.00 930.26,397.02 930.26,397.02
             930.26,397.02 930.04,399.04 930.04,399.04
             930.04,399.04 931.61,400.60 931.61,400.60
             931.61,400.60 933.40,402.40 933.40,402.40
             933.40,402.40 935.86,402.84 935.86,402.84
             935.86,402.84 939.00,402.62 939.00,402.62
             939.00,402.62 941.69,402.40 941.69,402.40
             941.69,402.40 943.26,401.50 943.26,401.50" />
</svg>
