<?xml version="1.0" encoding="UTF-8" standalone="no"?>
<!DOCTYPE svg PUBLIC "-//W3C//DTD SVG 20010904//EN"
              "http://www.w3.org/TR/2001/REC-SVG-20010904/DTD/svg10.dtd">

<svg xmlns="http://www.w3.org/2000/svg"
     width="6.4in" height="4.26667in"
     viewBox="0 0 1920 1280">
  <path id="arch"
        fill="none" stroke="black" stroke-width="1"
        d="M 402.00,362.00
           C 402.00,362.00 376.00,397.00 376.00,397.00
             376.00,397.00 372.00,410.00 372.00,410.00
             372.00,410.00 338.00,461.00 338.00,461.00
             338.00,461.00 328.00,472.00 328.00,472.00
             328.00,472.00 321.00,493.00 321.00,493.00
             321.00,493.00 305.00,521.00 305.00,521.00
             305.00,521.00 286.00,567.00 286.00,567.00
             286.00,567.00 265.00,638.00 265.00,638.00
             265.00,638.00 254.00,661.00 254.00,661.00
             254.00,661.00 254.00,688.00 254.00,688.00
             254.00,688.00 269.00,714.00 269.00,714.00
             269.00,714.00 237.00,931.00 237.00,931.00
             237.00,931.00 234.00,959.00 234.00,959.00
             234.00,959.00 219.00,980.00 219.00,980.00
             219.00,980.00 234.00,1010.00 234.00,1010.00
             234.00,1010.00 236.00,1043.00 236.00,1043.00
             236.00,1043.00 249.00,1050.00 249.00,1050.00
             249.00,1050.00 258.00,1101.00 258.00,1101.00
             258.00,1101.00 365.00,1107.00 365.00,1107.00
             365.00,1107.00 438.00,1102.00 438.00,1102.00
             438.00,1102.00 485.00,1087.00 485.00,1087.00
             485.00,1087.00 563.00,1081.00 563.00,1081.00
             563.00,1081.00 592.00,553.00 592.00,553.00
             592.00,553.00 595.00,500.00 595.00,500.00
             595.00,500.00 584.00,440.00 584.00,440.00
             584.00,440.00 562.00,396.00 562.00,396.00
             562.00,396.00 508.00,357.00 508.00,357.00
             508.00,357.00 475.00,347.00 475.00,347.00
             475.00,347.00 437.00,351.00 437.00,351.00
             437.00,351.00 414.00,358.00 414.00,358.00" />
</svg>
